#Player
P
16 192 16 16

#Goombas
E
16 144 16
48 144 16
224 208 16

#Floor
F
#Walls
0 0 16
0 16 16
0 32 16
0 48 16
0 64 16
0 80 16
0 96 16
0 112 16
0 128 16
0 144 16
0 160 16
0 176 16
0 192 16
0 208 16
240 0 16
240 16 16
240 32 16
240 48 16
240 64 16
240 80 16
240 96 16
240 112 16
240 128 16
240 144 16
240 160 16
240 176 16
240 192 16
240 208 16
#Ground
0 224 16
16 224 16
32 224 16
48 224 16
64 224 16
80 224 16
96 224 16
112 224 16
128 224 16
144 224 16
160 224 16
176 224 16
192 224 16
208 224 16
224 224 16
240 224 16
#Misc
160 208 16
0 160 16
16 160 16
32 160 16
48 160 16
64 160 16
80 160 16
96 160 16
112 160 16
80 144 16
80 128 16
176 96 16
192 96 16
208 96 16
224 96 16

#Coins
C
176 208 12 16
176 80 12 16
192 80 12 16
208 80 12 16
224 80 12 16
176 64 12 16
192 64 12 16
208 64 12 16
224 64 12 16
128 32 12 16
144 32 12 16
160 32 12 16
176 32 12 16
192 32 12 16
128 16 12 16
144 16 12 16
160 16 12 16
176 16 12 16
192 16 12 16

#Mushrooms
M
96 144 16

#Background
B
40 12 176 88
